012345678
012346578
012347568
012348567
012356478
012357468
012358467
012367458
012368457
012378456
013245678
013246578
013247568
013248567
013256478
013257468
013258467
013267458
013268457
013278456
014235678
014236578
014237568
014238567
014256378
014257368
014258367
014267358
014268357
014278356
015234678
015236478
015237468
015238467
015246378
015247368
015248367
015267348
015268347
015278346
016234578
016235478
016237458
016238457
016245378
016247358
016248357
016257348
016258347
016278345
017234568
017235468
017236458
017238456
017245368
017246358
017248356
017256348
017258346
017268345
018234567
018235467
018236457
018237456
018245367
018246357
018247356
018256347
018257346
018267345
023145678
023146578
023147568
023148567
023156478
023157468
023158467
023167458
023168457
023178456
024135678
024136578
024137568
024138567
024156378
024157368
024158367
024167358
024168357
024178356
025134678
025136478
025137468
025138467
025146378
025147368
025148367
025167348
025168347
025178346
026134578
026135478
026137458
026138457
026145378
026147358
026148357
026157348
026158347
026178345
027134568
027135468
027136458
027138456
027145368
027146358
027148356
027156348
027158346
027168345
028134567
028135467
028136457
028137456
028145367
028146357
028147356
028156347
028157346
028167345
034125678
034126578
034127568
034128567
034156278
034157268
034158267
034167258
034168257
034178256
035124678
035126478
035127468
035128467
035146278
035147268
035148267
035167248
035168247
035178246
036124578
036125478
036127458
036128457
036145278
036147258
036148257
036157248
036158247
036178245
037124568
037125468
037126458
037128456
037145268
037146258
037148256
037156248
037158246
037168245
038124567
038125467
038126457
038127456
038145267
038146257
038147256
038156247
038157246
038167245
045123678
045126378
045127368
045128367
045136278
045137268
045138267
045167238
045168237
045178236
046123578
046125378
046127358
046128357
046135278
046137258
046138257
046157238
046158237
046178235
047123568
047125368
047126358
047128356
047135268
047136258
047138256
047156238
047158236
047168235
048123567
048125367
048126357
048127356
048135267
048136257
048137256
048156237
048157236
048167235
056123478
056124378
056127348
056128347
056134278
056137248
056138247
056147238
056148237
056178234
057123468
057124368
057126348
057128346
057134268
057136248
057138246
057146238
057148236
057168234
058123467
058124367
058126347
058127346
058134267
058136247
058137246
058146237
058147236
058167234
067123458
067124358
067125348
067128345
067134258
067135248
067138245
067145238
067148235
067158234
068123457
068124357
068125347
068127345
068134257
068135247
068137245
068145237
068147235
068157234
078123456
078124356
078125346
078126345
078134256
078135246
078136245
078145236
078146235
078156234
